State		Lambda		Throughput		Latency		CPU		Time
8		2002.28285869		1993.0775767		10.1952151349		0		2014-05-02 13:33:02
8		2008.96655964		1999.27932348		12.6460840895		0		2014-05-02 13:33:32
8		2021.51592093		2017.91999781		9.57717317903		0		2014-05-02 13:34:02
8		2039.75313165		2039.07674663		16.377597472		0		2014-05-02 13:34:32
8		2063.71331316		2073.54884211		15.9592999831		0		2014-05-02 13:35:02
8		2091.77629131		2082.97760528		15.9414057866		0		2014-05-02 13:35:32
8		2124.69258404		2098.93295768		14.2915855536		0		2014-05-02 13:36:02
8		2165.17679521		2173.64855756		12.36373529		0		2014-05-02 13:36:32
8		2211.13011108		2207.97655271		14.0622018945		0		2014-05-02 13:37:03
8		2259.73606639		2259.14144997		14.2714917908		0		2014-05-02 13:37:33
8		2316.59115714		2304.98225558		13.577803006		0		2014-05-02 13:38:03
8		2375.99642235		2367.41101453		9.20320569416		0		2014-05-02 13:38:33
8		2443.669598		2439.4012981		15.4563684102		0		2014-05-02 13:39:03
8		2513.1485487		2518.02150446		9.19311599833		0		2014-05-02 13:39:33
8		2591.16641557		2579.99725119		11.2975265326		0		2014-05-02 13:40:03
8		2675.24754546		2665.90854531		9.42409433862		0		2014-05-02 13:40:33
8		2764.06108735		2766.04982889		13.7089051696		0		2014-05-02 13:41:03
8		2853.00713799		2838.01413548		15.7084299841		0		2014-05-02 13:41:33
8		2946.11682216		2934.23578274		10.6254557856		0		2014-05-02 13:42:03
8		3043.93994338		3022.62011135		13.7874205142		0		2014-05-02 13:42:33
8		3152.2793536		3150.27952545		11.546766975		0		2014-05-02 13:43:03
8		3266.26153849		3247.35391404		12.3167909265		0		2014-05-02 13:43:33
8		3384.55085597		3352.75446028		14.4197916888		0		2014-05-02 13:44:03
8		3500.09343927		3478.0896511		10.2626759267		0		2014-05-02 13:44:33
8		3626.9887495		3615.85915614		16.8113569966		0		2014-05-02 13:45:03
8		3758.5420887		3737.35356342		14.3845873758		0		2014-05-02 13:45:33
8		3894.75230288		3875.07626217		13.6067967939		0		2014-05-02 13:46:03
8		4020.10518112		4005.83723745		11.0107832229		0		2014-05-02 13:46:33
8		4164.06474296		4147.43878452		12.428142592		0		2014-05-02 13:47:03
8		4312.1800638		4289.91162517		14.3074711066		0		2014-05-02 13:47:33
8		4463.70745084		4445.53434922		12.393623257		0		2014-05-02 13:48:03
8		4618.6297651		4611.54484439		15.9632612623		0		2014-05-02 13:48:33
8		4768.48456974		4739.26147265		13.275257346		0		2014-05-02 13:49:03
8		4931.13859658		4872.36865106		16.1995796865		0		2014-05-02 13:49:34
8		5097.00775102		4966.70170196		16.123622997		0		2014-05-02 13:50:04
8		5266.30449367		5133.12434648		19.5960032839		0		2014-05-02 13:50:34
8		5439.11997138		5371.09751799		19.0448334993		0		2014-05-02 13:51:04
8		5614.54999668		5447.32947823		23.6449585326		0		2014-05-02 13:51:34
9		5782.89156993		5732.09532755		14.1204185311		0		2014-05-02 13:52:04
9		5964.53136571		5928.8280315		14.7180482501		0		2014-05-02 13:52:34
9		6148.41706596		6039.19673462		22.9322279286		0		2014-05-02 13:53:04
9		6335.51933072		6244.65446914		19.2992576873		0		2014-05-02 13:53:34
9		6524.3748203		5625.72923454		27.1023497792		0		2014-05-02 13:54:04
9		6715.48619948		5760.83070669		23.460972389		0		2014-05-02 13:54:34
9		6908.66530566		6578.87153659		22.9626796967		0		2014-05-02 13:55:04
9		7104.2239507		6813.57859733		26.379642902		0		2014-05-02 13:55:34
9		7301.8540857		6755.87851945		19.6794838026		0		2014-05-02 13:56:04
9		7501.20569137		6812.19449591		20.8773436651		0		2014-05-02 13:56:34
9		7690.86346153		7103.59676475		28.6922406689		0		2014-05-02 13:57:04
9		7893.17116567		6795.19859597		28.2849226602		0		2014-05-02 13:57:34
9		8096.72491125		6783.8884421		26.7909410501		0		2014-05-02 13:58:04
9		8301.52294015		6890.50337275		24.2938351492		0		2014-05-02 13:58:34
9		8507.58240673		7062.73563919		27.3679340022		0		2014-05-02 13:59:04
9		8703.13211777		6122.76446657		17.4176302801		0		2014-05-02 13:59:34
11		8910.89898418		2834.35690007		7.62218165859		0		2014-05-02 14:00:04
11		9119.43761748		2657.86621984		20.0507249309		0		2014-05-02 14:00:34
11		9328.64137788		3495.48747006		8.32076049457		0		2014-05-02 14:01:04
11		9538.3638798		4104.65971396		18.0167615004		0		2014-05-02 14:01:34
11		9748.54888352		5012.85281921		23.3849274587		0		2014-05-02 14:02:04
11		9958.85834214		5705.71270714		15.652872881		0		2014-05-02 14:02:34
11		10169.2304568		6397.39535523		26.7032037666		0		2014-05-02 14:03:04
11		10379.4290179		8043.57852848		14.8028479207		0		2014-05-02 14:03:34
11		10589.1719247		8260.03715269		20.3717896338		0		2014-05-02 14:04:05
11		10798.4542126		8200.57103424		23.3325133752		0		2014-05-02 14:04:35
11		11007.2357326		8435.66684647		24.8654115047		0		2014-05-02 14:05:05
11		11215.1580426		7551.19629404		21.6992467846		0		2014-05-02 14:05:35
11		11422.3612696		7140.28307443		30.2631071923		0		2014-05-02 14:06:05
11		11628.5505459		8197.85656841		21.3850278921		0		2014-05-02 14:06:35
11		11833.6068087		7977.1458326		27.7633552203		0		2014-05-02 14:07:05
11		12037.4697623		5472.04619433		9.48972131107		0		2014-05-02 14:07:35
15		12240.17372		5300.7701247		7.75978395136		0		2014-05-02 14:08:05
15		12441.3049446		5644.23930336		10.5583526775		0		2014-05-02 14:08:35
15		12640.9202834		6387.44929133		10.2878170602		0		2014-05-02 14:09:05
15		12838.709267		7356.52235274		18.0268596086		0		2014-05-02 14:09:35
15		13034.4422182		7135.39387206		23.8417032455		0		2014-05-02 14:10:05
15		13227.9757808		7755.01463581		19.3189913232		0		2014-05-02 14:10:35
15		13419.4190624		8764.85996623		21.6657098567		0		2014-05-02 14:11:05
15		13597.8268944		9694.31851488		16.3544396311		0		2014-05-02 14:11:35
15		13784.4005566		10411.4751172		18.720995554		0		2014-05-02 14:12:05
15		13968.3079181		10658.7157119		24.4485130958		0		2014-05-02 14:12:35
15		14149.4835241		10428.9865114		12.8726105067		0		2014-05-02 14:13:05
15		14327.7253306		9875.84107551		15.5673454483		0		2014-05-02 14:13:35
15		14503.0038259		10148.8303707		19.4230950164		0		2014-05-02 14:14:05
15		14675.0926413		10377.7229913		19.9176475883		0		2014-05-02 14:14:35
15		14845.5632818		9976.15069089		18.3742645581		0		2014-05-02 14:15:05
15		15011.1603534		9117.86964296		38.0947554406		0		2014-05-02 14:15:35
18		15173.3791719		6484.20029405		5.99706922473		0		2014-05-02 14:16:05
18		15332.0724713		6638.90991824		12.3031515969		0		2014-05-02 14:16:35
18		15487.1498921		9547.05004244		29.6173950747		0		2014-05-02 14:17:05
18		15638.4058601		11014.5614827		28.6297644179		0		2014-05-02 14:17:36
18		15785.5266321		11090.2704534		19.3512976878		0		2014-05-02 14:18:06
18		15928.6521391		12000.3261294		16.4968489205		0		2014-05-02 14:18:36
18		16067.7831179		11880.0237075		14.0696639166		0		2014-05-02 14:19:06
18		16202.5879697		11818.3726823		19.1732180488		0		2014-05-02 14:19:36
18		16333.0836043		12019.6104371		16.1659556357		0		2014-05-02 14:20:06
18		16459.2797867		11995.489561		20.9722659406		0		2014-05-02 14:20:36
18		16581.0284097		11952.823004		19.5972444126		0		2014-05-02 14:21:06
18		16698.1518067		12104.9454408		16.8391916223		0		2014-05-02 14:21:36
18		16804.568967		11873.752039		16.7293312134		0		2014-05-02 14:22:06
18		16912.6882791		12143.0904738		18.6787379215		0		2014-05-02 14:22:36
18		17016.0122768		11964.5482348		15.121394187		0		2014-05-02 14:23:06
18		17114.4653553		12172.9265834		17.0107029922		0		2014-05-02 14:23:36
18		17207.9885098		11593.6068082		21.9486197369		0		2014-05-02 14:24:06
18		17296.5545138		12130.4227651		24.984499098		0		2014-05-02 14:24:36
18		17380.0973668		11904.0869894		21.3986405706		0		2014-05-02 14:25:06
18		17458.4849182		12216.3633356		16.7104933545		0		2014-05-02 14:25:36
18		17531.7203518		12048.3375321		17.5059106452		0		2014-05-02 14:26:06
18		17599.7856842		12203.848565		17.6817788213		0		2014-05-02 14:26:36
18		17662.5856889		11978.5644057		15.2336158645		0		2014-05-02 14:27:06
18		17720.1151818		12293.2815364		15.9835905621		0		2014-05-02 14:27:36
18		17772.2504828		12060.318473		16.2462559574		0		2014-05-02 14:28:06
18		17819.0469459		12102.48216		19.1702629905		0		2014-05-02 14:28:36
18		17858.2995739		11932.334671		17.7479604946		0		2014-05-02 14:29:06
18		17894.564717		12118.9918242		18.4463992817		0		2014-05-02 14:29:36
18		17925.3735479		12202.9357133		18.2787567863		0		2014-05-02 14:30:06
18		17950.7005072		12351.7769333		18.4023651205		0		2014-05-02 14:30:36
18		17970.5396844		11849.3957401		16.9217349773		0		2014-05-02 14:31:06
18		17984.8687438		12186.2048156		20.5398631874		0		2014-05-02 14:31:37
18		17993.6783196		12210.7534745		15.6855992302		0		2014-05-02 14:32:07
18		17996.9685211		12188.3414381		16.7630484932		0		2014-05-02 14:32:37
18		17994.7290628		11963.1066386		17.6925695728		0		2014-05-02 14:33:07
18		17986.9634562		11992.4328025		15.9219179064		0		2014-05-02 14:33:37
18		17973.6818143		12096.8121939		14.5549186277		0		2014-05-02 14:34:07
18		17954.8923338		12278.1567347		15.0551412709		0		2014-05-02 14:34:37
18		17930.6110042		11931.0172611		14.2811661704		0		2014-05-02 14:35:07
18		17900.8564509		12130.0100122		17.1253132808		0		2014-05-02 14:35:37
18		17867.7466142		12130.1048561		16.6906152584		0		2014-05-02 14:36:07
18		17827.3889357		11946.4796013		15.1797243889		0		2014-05-02 14:36:37
18		17781.62423		11893.1946416		19.5467562618		0		2014-05-02 14:37:07
18		17730.5005599		12046.9348229		16.3714653498		0		2014-05-02 14:37:37
18		17673.9826892		12160.8687646		16.8656617688		0		2014-05-02 14:38:07
18		17612.2202974		11991.3878849		16.3681101885		0		2014-05-02 14:38:37
18		17545.1751982		11913.7830563		17.4125241223		0		2014-05-02 14:39:07
18		17472.9239415		12122.7726434		17.9172547491		0		2014-05-02 14:39:37
18		17395.507406		12022.9838879		17.0675474437		0		2014-05-02 14:40:07
18		17308.2268933		11972.0124491		15.0302704504		0		2014-05-02 14:40:38
18		17220.4103351		12100.0568187		15.8658974458		0		2014-05-02 14:41:08
18		17127.5286304		12056.0411215		19.3469380416		0		2014-05-02 14:41:38
18		17029.7554147		12175.8160532		23.2320184387		0		2014-05-02 14:42:08
18		16927.0540707		12145.8125782		16.0834432026		0		2014-05-02 14:42:38
18		16825.7419162		11926.0332416		14.3113532263		0		2014-05-02 14:43:08
18		16713.8860427		11778.2593264		20.5445710494		0		2014-05-02 14:43:38
18		16597.367458		11919.9948769		22.1588925052		0		2014-05-02 14:44:09
18		16476.2446299		11837.0611812		18.0839331112		0		2014-05-02 14:44:39
18		16350.6064993		11983.2040064		20.5049789617		0		2014-05-02 14:45:09
18		16220.5975031		12273.2476213		17.6386822191		0		2014-05-02 14:45:39
18		16086.3009186		12027.2831129		14.2423097553		0		2014-05-02 14:46:09
18		15947.7938003		11869.0113357		16.7864986379		0		2014-05-02 14:46:39
18		15805.1717337		11919.9793502		17.8063307909		0		2014-05-02 14:47:09
18		15658.5068876		12119.5370691		20.5260366241		0		2014-05-02 14:47:39
18		15507.9456929		12080.1511535		21.8575827881		0		2014-05-02 14:48:09
18		15353.5177099		11785.7866767		18.9491022913		0		2014-05-02 14:48:39
18		15195.3946611		11936.7378881		17.9468216618		0		2014-05-02 14:49:09
18		15033.7644511		11920.8421837		16.0799004276		0		2014-05-02 14:49:39
18		14868.7020742		11713.3507056		21.7346960224		0		2014-05-02 14:50:09
18		14700.1813896		11820.9403784		18.9496412367		0		2014-05-02 14:50:39
18		14528.2675364		11776.0853694		15.7804012682		0		2014-05-02 14:51:09
18		14353.3195566		11802.0485414		14.8845857647		0		2014-05-02 14:51:39
18		14175.418299		11784.5439389		16.9439251352		0		2014-05-02 14:52:09
18		14004.6413051		11805.5038177		19.2329316057		0		2014-05-02 14:52:39
18		13821.0703672		11802.7093837		20.5538282817		0		2014-05-02 14:53:09
18		13634.7214062		11733.4846627		21.6901335054		0		2014-05-02 14:53:39
18		13446.0014424		11906.1618735		16.9146383692		0		2014-05-02 14:54:09
18		13254.5627057		11453.1290533		18.8388214896		0		2014-05-02 14:54:39
18		13061.0141431		11272.4712633		23.0951117987		0		2014-05-02 14:55:09
18		12865.2214553		11397.2190249		16.9967701077		0		2014-05-02 14:55:39
18		12667.5493754		11137.9212193		20.5226568527		0		2014-05-02 14:56:09
18		12468.0520156		11673.0452717		15.7724075572		0		2014-05-02 14:56:39
20		12266.3530943		10031.4414845		15.6871494069		0		2014-05-02 14:57:09
20		12062.9702663		10715.7060672		13.6711166217		0		2014-05-02 14:57:39
20		11857.9593612		11383.273857		11.9116770213		0		2014-05-02 14:58:10
20		11651.5464307		11380.1736495		13.5467828645		0		2014-05-02 14:58:40
20		11455.5254014		11101.6146262		13.4224752098		0		2014-05-02 14:59:10
20		11246.827189		11004.602516		12.0554391942		0		2014-05-02 14:59:40
20		11048.5753526		10795.078717		13.2884224602		0		2014-05-02 15:00:10
20		10838.1876968		10591.530394		14.3807941125		0		2014-05-02 15:00:40
20		10626.8677941		10443.5740635		12.8124754978		0		2014-05-02 15:01:10
20		10415.4753277		10253.1644306		10.9548553102		0		2014-05-02 15:01:40
20		10203.4534117		10055.7890084		12.865952387		0		2014-05-02 15:02:10
20		9990.83856266		9857.44178308		11.2227402654		0		2014-05-02 15:02:40
20		9790.5439228		9634.14168238		12.1039955657		0		2014-05-02 15:03:10
20		9578.40528865		9483.93366516		12.0419442202		0		2014-05-02 15:03:40
20		9366.63954478		9289.68243121		11.3384839454		0		2014-05-02 15:04:10
20		9155.29359557		9117.6471874		10.8062911727		0		2014-05-02 15:04:40
20		8944.25578004		8859.24701186		11.8498857308		0		2014-05-02 15:05:10
20		8746.14022899		8681.62281661		11.5585167827		0		2014-05-02 15:05:40
20		8536.79447239		8467.22877329		10.0200434893		0		2014-05-02 15:06:10
20		8339.18887513		8285.60768309		9.93499721079		0		2014-05-02 15:06:40
20		8131.97761113		8081.79746965		10.5237703835		0		2014-05-02 15:07:10
20		7925.47453675		7872.5469477		13.1545575443		0		2014-05-02 15:07:40
20		7720.1598053		7676.91545293		11.5857122721		0		2014-05-02 15:08:10
20		7516.03129032		7455.14074864		10.2015429121		0		2014-05-02 15:08:40
20		7314.60881863		7249.52037065		10.4102208138		0		2014-05-02 15:09:10
20		7125.03083551		7069.58094799		10.5247665696		0		2014-05-02 15:09:40
20		6937.41693424		6899.71012871		9.96759025806		0		2014-05-02 15:10:10
20		6741.79146345		6697.18364647		9.67597037844		0		2014-05-02 15:10:40
